0.0 0.6 0.5572254335260116 0.29364161849710985 0.3236994219653179 0.2878612716763006 0.630057803468208 0.44508670520231214 0.5433526011560693
0.6 0.0 0.2947976878612717 0.63121387283237 0.653179190751445 0.5572254335260116 0.4820809248554913 0.4820809248554913 0.5699421965317919
0.5572254335260116 0.2947976878612717 0.0 0.6184971098265896 0.6485549132947976 0.4867052023121387 0.33872832369942196 0.3329479768786127 0.4797687861271676
0.29364161849710985 0.63121387283237 0.6184971098265896 0.0 0.4647398843930636 0.4682080924855491 0.661271676300578 0.5479768786127167 0.5803468208092486
0.3236994219653179 0.653179190751445 0.6485549132947976 0.4647398843930636 0.0 0.484393063583815 0.6647398843930635 0.5872832369942197 0.6416184971098265
0.2878612716763006 0.5572254335260116 0.4867052023121387 0.4682080924855491 0.484393063583815 0.0 0.5976878612716763 0.31213872832369943 0.4797687861271676
0.630057803468208 0.4820809248554913 0.33872832369942196 0.661271676300578 0.6647398843930635 0.5976878612716763 0.0 0.507514450867052 0.576878612716763
0.44508670520231214 0.4820809248554913 0.3329479768786127 0.5479768786127167 0.5872832369942197 0.31213872832369943 0.507514450867052 0.0 0.315606936416185
0.5433526011560693 0.5699421965317919 0.4797687861271676 0.5803468208092486 0.6416184971098265 0.4797687861271676 0.576878612716763 0.315606936416185 0.0
